56 0
1027 5
1077 11
1481 21
2069 1
2097 3
259 0
309 0
765 1
815 2
1068 2
1118 3
1233 4
222 1
272 1
718 1
768 1
1021 2
1071 3
1186 3
2604 8
3552 10
3602 10
537 1
587 1
7004 19
112 1
296 0
613 1
782 2
2917 3
3042 5
1259 1
1384 2
743 1
868 1
2351 5
370 0
370 0
370 0
370 0
5093 43
7364 49
10142 62
10267 66
296 0
1225 1
1275 3
112 0
296 0
613 1
782 1
2595 3
2645 5
5373 12
5498 17
18978 100
2042 2
2070 3
16516 14
16714 26
35838 148
631 0
645 1
844 3
4678 7
4706 12
4986 16
5822 21
537 1
587 2
775 1
825 2
8603 35
757 1
222 0
272 0
1774 2
1802 4
2275 4
456 0
661 1
5891 4
6293 8
6888 13
6917 16
7129 16
7334 18
9148 21
9177 23
6071 4
6739 9
7480 15
7532 16
7614 19
17551 45
18075 49
532 0
724 1
929 2
532 1
737 1
2734 4
2763 6
2899 8
580 0
115 1
7097 6
7461 10
8288 16
8308 17
8588 18
8914 20
9261 21
9466 22
1198 0
1227 2
1439 2
1644 4
1278 1
1307 2
1557 3
1762 4
14014 33
14043 37
14377 40
15053 44
15789 48
267 0
1700 1
1729 2
2063 4
2268 5
1795 1
1824 2
2158 4
2363 5
1920 2
1949 4
2283 6
2488 6
628 0
680 1
1576 4
1605 4
1855 6
2136 6
10395 30
10424 35
10712 41
11190 46
11613 52
8798 6
9162 12
9909 19
9938 21
10188 22
10393 23
494 0
323 0
959 1
494 1
323 0
959 2
494 1
323 0
959 2
494 1
323 0
959 2
494 1
323 0
959 2
494 0
323 1
959 2
494 0
323 0
959 3
494 1
323 0
959 1
494 1
323 0
959 1
12227 23
12591 30
13338 37
13367 39
13617 40
13822 41
7430 4
7794 9
8389 17
8418 19
8668 20
8873 21
191 0
7259 6
7547 10
7822 16
8224 17
9195 18
9224 20
9436 22
9641 22
1240 0
418 0
470 1
2238 4
2290 5
3224 7
3253 9
3503 11
3708 13
789 0
228 0
10247 7
10687 13
10818 21
11188 22
11530 24
12415 26
13576 29
13781 31
1178 0
228 0
12299 9
12777 17
12908 25
13278 27
13704 29
14901 31
16451 35
16656 37
78312 202
78341 213
78477 227
428 0
342 0
394 0
1395 2
513 0
470 1
1125 2
646 1
698 1
586 0
638 1
586 0
638 1
2838 6
361 0
413 0
361 0
413 0
361 1
413 1
361 0
413 0
361 1
413 1
361 0
413 1
361 0
413 0
361 0
413 1
361 0
413 0
14351 15
14639 24
15386 34
15415 34
15749 36
18395 39
22788 54
24194 59
25839 67
26120 72
26460 77
26984 83
28344 89
28373 95
28509 100
1784 1
1852 2
1784 1
1852 2
1784 1
1852 2
1784 1
1852 1
1784 1
1852 2
1784 1
1852 2
1784 1
1852 2
1784 1
1852 2
1784 2
1852 2
22622 26
23204 34
23744 41
23822 42
24583 44
24661 45
25092 46
25170 48
25365 50
26092 52
26170 52
26551 54
26878 55
814 0
892 1
1633 2
1960 2
30578 61
30655 63
30909 67
187 0
2143 1
2220 2
3483 3
3560 5
4666 7
4993 9
5479 10
5999 11
1196 1
1274 1
496 0
574 1
496 0
574 1
683 1
761 1
496 1
574 1
372 0
450 0
187 0
1629 1
1706 2
2457 3
2977 4
372 0
450 0
4626 7
4703 8
17690 32
17767 36
18642 40
1328 1
1406 1
1539 2
496 0
574 1
1310 1
1388 1
4891 7
876 1
1327 1
1328 1
1406 1
1539 2
930 1
1008 1
1248 1
1326 1
876 1
1327 1
1030 1
1108 1
2107 2
2557 4
2760 5
2812 6
2864 8
844 1
922 1
3916 3
4242 5
8440 16
8518 18
8651 20
682 0
760 0
1248 1
1326 2
20436 38
20513 44
20767 48
683 0
1030 1
1108 2
2107 4
2557 6
2760 8
2812 11
2864 13
844 1
922 1
3916 4
4242 6
7546 23
7873 25
373 1
1030 1
1108 1
2425 3
3131 4
3963 6
4413 8
4616 10
4668 12
5101 14
844 0
922 1
5615 4
5941 6
11482 25
11809 27
21422 57
21499 62
22001 68
23017 73
23960 77
558 0
636 1
1645 1
1972 3
1312 1
1119 0
558 0
636 1
1056 1
1134 1
3098 4
4550 5
6247 9
7705 12
9740 17
10067 20
14160 28
14237 32
14491 36
1876 1
2326 2
2529 3
2581 4
868 0
946 1
1707 2
1785 2
2216 4
2294 4
2489 6
1713 1
1790 2
2230 3
2680 4
2883 5
2935 6
1186 1
1389 1
2063 2
3350 2
3676 4
1713 1
1790 2
2230 2
2680 4
2883 5
2935 6
2054 1
2122 3
3748 4
3816 6
4248 8
4451 8
22824 46
620 1
1116 1
1514 39
2352 40
2778 41
2856 42
3679 43
4006 44
434 1
512 1
5347 4
5425 8
6383 11
6461 15
7540 19
7867 23
8271 5
8348 12
1465 1
1542 2
1465 1
1542 2
4034 6
4112 7
682 0
885 1
937 2
187 0
992 1
1512 3
1848 5
1926 5
187 1
992 0
1512 2
1848 3
1926 4
2038 1
2116 3
1380 1
1830 2
2033 4
2085 4
2137 6
2836 2
5046 5
434 0
512 0
868 0
1318 1
1521 2
1573 3
1625 3
394 0
472 1
2358 2
4056 5
1291 1
1369 2
2672 3
2750 5
3511 7
3589 9
4020 11
4098 13
4293 13
31805 85
31882 101
32384 116
33524 133
79581 261
79907 298
104075 386
104152 421
105027 454
1260 0
1593 2
526 0
859 1
315 0
787 0
1325 1
2530 3
2608 4
3789 5
3867 7
4251 7
4584 9
338 0
1336 0
2013 2
3379 7
3457 7
4038 9
4371 10
316 0
948 0
764 0
1935 2
2431 3
3086 4
4430 6
4508 8
4955 10
5288 11
4327 3
252 0
764 1
1302 1
6121 4
6453 8
11800 15
11878 19
12325 21
12658 25
1623 0
1701 2
32694 68
32772 75
575 1
655 1
791 1
34839 84
35295 92
35628 100
35870 107
640 0
4410 2
5973 6
6051 7
6632 8
7421 10
8451 12
8531 13
9809 16
9887 18
10334 20
10667 20
535 1
1381 1
1714 2
703 0
1284 1
1364 1
1937 3
2789 3
3945 6
4025 7
4476 8
4809 10
18704 38
18971 42
2438 1
2516 3
3365 4
3698 5
1158 1
1491 1
1544 1
1877 2
882 0
1215 2
1386 1
1728 3
2061 3
6541 9
6619 11
9390 15
1282 1
2561 42
1774 1
4457 4
7731 49
7811 53
1906 1
1975 2
3241 3
3321 5
3772 6
4105 8
1434 0
1512 2
1959 2
2292 3
1197 1
1530 1
1016 0
1498 2
2063 2
2396 3
34263 102
34341 110
34599 118
702 0
441 0
1183 1
2224 2
3182 4
2306 1
6137 7
6344 9
126 0
126 0
703 1
703 0
1874 2
1168 1
3625 4
701 1
781 1
441 0
3443 4
3263 2
8769 9
9101 11
13173 19
13380 22
631 0
589 1
1531 2
2501 3
3585 4
3792 6
3206 2
3413 3
2741 1
3763 3
3970 5
4023 7
4585 3
4917 5
9923 16
10130 19
37608 66
1016 1
890 1
2129 2
2562 3
2642 5
316 0
2426 1
2495 3
2934 3
3014 5
3528 6
4183 7
316 1
3332 2
3401 3
5321 5
5390 7
5829 10
5909 11
6423 13
7078 16
3064 2
3133 3
3572 5
3652 5
211 1
211 0
678 1
2577 2
2646 2
3085 4
3165 5
3679 6
4482 8
47098 64
47430 79
85609 169
85689 183
86718 198
190 0
190 0
16481 9
17073 17
18135 27
18215 29
18960 31
19040 32
19491 34
20020 36
20655 38
20735 40
21249 42
21778 45
22358 48
22438 50
23455 52
126 0
126 0
382 1
378 0
378 1
1137 1
1217 2
1731 2
2323 4
3095 5
3175 6
4192 7
451 0
16922 9
17388 18
17938 28
18018 28
18763 30
18843 31
126 0
253 0
602 1
1744 2
1822 3
732 0
812 1
5239 6
5446 8
5499 10
5452 3
5784 6
12021 20
12101 22
31539 57
32139 61
33035 65
33115 69
33834 73
33914 77
34943 80
1531 1
2421 1
2753 3
4721 6
4801 7
5252 9
5332 10
6361 12
1780 1
1849 2
2288 3
2368 3
2819 5
2899 5
1717 1
1786 2
2225 2
2305 4
2756 4
2836 6
8069 14
8147 17
8405 19
2166 1
2235 2
2674 3
2754 4
3339 5
3419 7
5220 9
5298 11
5556 12
190 0
1989 1
1966 1
6079 5
6608 7
7243 11
7323 13
1781 1
1859 1
3550 3
4142 5
4349 7
4402 9
1685 1
2143 2
2350 3
2403 4
1291 1
1749 2
1956 3
2009 4
9502 21
1425 1
1505 2
819 0
899 1
1425 2
1505 3
1819 1
1899 2
19078 18
19410 27
30058 59
30136 68
31512 80
40289 104
