49652
106 56 37 50636
139 1027 37 51133
140 1077 37 51133
156 1481 37 51133
56 2069 37 53399
47 2097 37 53399
8 259 37 55446
9 309 37 55446
17 765 37 55602
18 815 37 55602
20 1068 37 55602
21 1118 37 55602
20 1233 37 55639
7 222 37 56659
8 272 37 56659
15 718 37 56815
16 768 37 56815
18 1021 37 56815
19 1071 37 56815
18 1186 37 56852
12 2604 37 56852
43 3552 37 57368
44 3602 37 57368
23 537 37 58137
24 587 37 58137
130 7004 37 58137
4 112 37 59290
9 296 37 59710
17 613 37 59903
8 782 37 59903
74 2917 37 61442
77 3042 37 61442
41 1259 37 63477
44 1384 37 63477
20 743 37 64372
23 868 37 64372
57 2351 37 64372
11 370 37 66432
11 370 37 67472
11 370 37 68512
11 370 37 69552
150 5093 37 69589
208 7364 37 71736
211 10142 37 71736
214 10267 37 71736
8 296 37 73678
33 1225 37 74175
34 1275 37 74175
4 112 37 75349
9 296 37 75769
17 613 37 75962
8 782 37 75962
66 2595 37 77261
67 2645 37 77261
143 5373 37 77261
146 5498 37 77261
422 18978 37 77261
59 2042 37 93901
50 2070 37 93901
428 16516 37 93901
433 16714 37 93975
476 35838 37 93975
18 631 37 94795
18 645 37 99638
23 844 37 99638
119 4678 37 99905
110 4706 37 99905
115 4986 37 99905
137 5822 37 100617
29 537 37 101571
30 587 37 101571
35 775 37 102578
36 825 37 102578
215 8603 37 102578
21 757 37 104391
7 222 37 104853
8 272 37 104853
33 1774 37 104853
24 1802 37 104853
34 2275 37 104853
13 456 38 107138
18 661 38 107138
151 5891 38 114028
161 6293 38 114302
34 6888 38 114500
25 6917 38 114500
28 7129 38 114500
33 7334 38 114500
68 9148 38 115117
59 9177 38 115117
151 6071 38 122312
168 6739 38 122852
45 7480 38 122928
46 7532 38 122928
44 7614 38 122928
115 17551 38 122928
119 18075 38 122928
15 518 37 124441
7 704 37 124441
12 903 37 124441
15 518 37 125185
20 717 37 125185
47 2660 37 125748
38 2688 37 125748
39 2820 37 125748
16 580 38 126484
4 115 38 128035
178 7097 38 136515
187 7461 38 136751
42 8288 38 136751
35 8308 38 136751
40 8588 38 136751
48 8914 38 136949
44 9261 38 136949
49 9466 38 136949
31 1198 38 138621
22 1227 38 138621
25 1439 38 138621
30 1644 38 138621
34 1278 38 140411
25 1307 38 140411
29 1557 38 140411
34 1762 38 140411
123 14014 38 140989
114 14043 38 140989
120 14377 38 140989
137 15053 38 141537
133 15789 38 141537
8 260 37 141949
45 1656 37 145129
36 1684 37 145129
42 2009 37 145129
47 2208 37 145129
47 1748 37 147456
38 1776 37 147456
44 2101 37 147456
49 2300 37 147456
50 1870 37 149905
41 1898 37 149905
47 2223 37 149905
52 2422 37 149905
16 610 37 151703
17 660 37 151703
36 1531 37 152007
27 1559 37 152007
31 1802 37 152007
38 2075 37 152007
189 10115 37 152496
180 10143 37 152496
185 10423 37 152496
197 10888 37 152837
191 11300 37 152837
223 8798 38 163501
232 9162 38 163737
45 9909 38 164087
36 9938 38 164087
40 10188 38 164087
45 10393 38 164087
13 494 38 167277
9 323 38 167652
24 959 38 167652
13 494 38 169369
9 323 38 169744
24 959 38 169744
13 494 38 170434
9 323 38 170809
24 959 38 170809
13 494 38 171499
9 323 38 171874
24 959 38 171874
13 494 38 172564
9 323 38 172939
24 959 38 172939
13 494 38 173629
9 323 38 174004
24 959 38 174004
13 494 38 174694
9 323 38 175069
24 959 38 175069
13 494 38 175759
9 323 38 176134
24 959 38 176134
13 494 38 176824
9 323 38 177199
24 959 38 177199
277 12227 38 177351
286 12591 38 177587
51 13338 38 177937
42 13367 38 177937
46 13617 38 177937
51 13822 38 177937
187 7430 38 186404
196 7794 38 186640
37 8389 38 186838
28 8418 38 186838
32 8668 38 186838
37 8873 38 186838
6 191 38 187933
187 7259 38 195723
194 7547 38 195883
27 7822 38 195883
37 8224 38 196157
47 9195 38 196507
38 9224 38 196507
41 9436 38 196507
46 9641 38 196507
33 1240 38 199341
12 418 38 199893
13 470 38 199893
47 2238 38 199893
48 2290 38 199893
68 3224 38 200243
59 3253 38 200243
63 3503 38 200243
68 3708 38 200243
21 789 38 201637
7 228 38 202425
259 10247 38 212945
270 10687 38 213257
35 10818 38 213295
44 11188 38 213295
50 11530 38 213295
72 12415 38 214052
73 13576 38 214052
78 13781 38 214052
31 1178 38 215835
7 228 38 216707
313 12299 38 229279
325 12777 38 229629
42 12908 38 229667
51 13278 38 229667
59 13704 38 229667
89 14901 38 230736
90 16451 38 230736
95 16656 38 230736
410 78312 38 231314
401 78341 38 231314
402 78477 38 231314
12 428 38 232337
10 342 38 234617
11 394 38 234617
32 1395 38 234731
14 513 38 235850
14 470 38 236372
30 1125 38 236372
18 646 38 237507
19 698 38 237507
16 586 38 238379
17 638 38 238379
16 586 38 239061
17 638 38 239061
61 2838 38 239252
10 361 38 242994
11 413 38 242994
10 361 38 245322
11 413 38 245322
10 361 38 246623
11 413 38 246623
10 361 38 247924
11 413 38 247924
10 361 38 249225
11 413 38 249225
10 361 38 250526
11 413 38 250526
10 361 38 251827
11 413 38 251827
10 361 38 253128
11 413 38 253128
10 361 38 254429
11 413 38 254429
331 14351 38 254619
338 14639 38 254779
55 15386 38 255129
46 15415 38 255129
52 15749 38 255129
120 18395 38 257647
143 22788 38 257647
179 24194 38 258925
174 25839 38 258925
181 26120 38 258925
184 26460 38 258925
197 26984 38 259321
213 28344 38 259823
204 28373 38 259823
205 28509 38 259823
29 1784 62 268811
22 1852 62 268811
29 1784 62 272522
22 1852 62 272522
29 1784 62 274558
22 1852 62 274558
29 1784 62 276594
22 1852 62 276594
29 1784 62 278630
22 1852 62 278630
29 1784 62 280666
22 1852 62 280666
29 1784 62 282702
22 1852 62 282702
29 1784 62 284738
22 1852 62 284738
29 1784 62 286774
22 1852 62 286774
259 22622 62 287022
268 23204 62 287402
38 23744 62 287464
39 23822 62 287464
47 24583 62 287720
48 24661 62 287720
50 25092 62 287720
51 25170 62 287720
50 25365 62 287782
47 26092 62 287782
48 26170 62 287782
46 26551 62 287782
51 26878 62 287782
14 814 62 289794
15 892 62 289794
22 1633 62 289794
27 1960 62 289794
93 30578 62 290732
84 30655 62 290732
85 30909 62 290732
4 112 37 291884
35 1293 37 295046
26 1321 37 295046
43 2062 37 295239
34 2090 37 295239
48 2746 37 295239
53 2945 37 295239
55 3231 37 295239
63 3548 37 295432
20 721 37 296573
21 771 37 296573
9 296 37 296950
10 346 37 296950
9 296 37 297327
10 346 37 297327
12 408 37 298155
13 458 37 298155
9 296 37 298532
10 346 37 298532
7 222 37 298835
8 272 37 298835
4 112 37 299571
27 979 37 301131
18 1007 37 301131
27 1436 37 301131
35 1753 37 301324
7 222 37 301786
8 272 37 301786
43 2746 37 301786
34 2774 37 301786
161 10523 37 301786
152 10551 37 301786
163 11054 37 301786
22 803 37 303484
23 853 37 303484
21 931 37 303484
9 296 37 303861
10 346 37 303861
22 785 37 304727
23 835 37 304727
60 2941 37 304727
15 862 61 307234
22 1305 61 307234
22 1307 61 309325
23 1383 61 309325
21 1512 61 309325
16 915 61 310373
17 991 61 310373
21 1228 61 311734
22 1304 61 311734
15 862 61 313090
22 1305 61 313090
18 1013 61 317941
19 1089 61 317941
29 2072 61 317941
36 2514 61 317941
39 2713 61 317941
34 2764 61 317941
29 2815 61 317941
15 830 61 321991
16 906 61 321991
56 3852 61 321991
61 4172 61 322113
60 8300 61 322174
61 8376 61 322174
59 8505 61 322174
12 671 61 322978
13 747 61 322978
21 1228 61 324339
22 1304 61 324339
201 20087 61 325140
192 20163 61 325140
193 20413 61 325140
12 672 61 326068
18 1013 61 330960
19 1089 61 330960
29 2072 61 331143
36 2514 61 331143
39 2713 61 331143
34 2764 61 331143
29 2815 61 331143
15 830 61 335193
16 906 61 335193
56 3852 61 335193
61 4172 61 335315
46 7420 61 335315
51 7741 61 335315
7 367 61 338055
18 1013 61 340455
19 1089 61 340455
34 2385 61 340638
45 3079 61 341134
42 3896 61 341134
49 4338 61 341134
52 4537 61 341134
47 4588 61 341134
48 5014 61 341134
15 830 61 346856
16 906 61 346856
83 5524 61 346856
88 5844 61 346978
65 11291 61 346978
70 11612 61 346978
136 21065 61 347901
127 21141 61 347901
132 21635 61 347901
148 22634 61 348702
142 23562 61 348702
10 342 38 350558
11 394 38 350558
23 1016 38 350596
28 1221 38 350596
22 808 38 352436
19 687 38 353605
10 342 38 354825
11 394 38 354825
18 648 38 355645
19 700 38 355645
42 1912 38 355645
65 2810 38 356415
64 3851 38 356415
87 4755 38 357191
90 6019 38 357191
95 6224 38 357191
144 8750 38 357617
135 8779 38 357617
136 8915 38 357617
31 1876 62 362378
38 2326 62 362378
41 2529 62 362378
36 2581 62 362378
15 868 62 364740
16 946 62 364740
24 1707 62 364996
25 1785 62 364996
27 2216 62 364996
28 2294 62 364996
27 2489 62 365058
31 1713 62 368045
22 1790 62 368045
26 2230 62 368045
33 2680 62 368045
36 2883 62 368045
31 2935 62 368045
20 1186 62 370301
23 1389 62 370301
34 2063 62 370301
57 3350 62 373853
62 3676 62 373977
32 1713 62 376964
23 1790 62 376964
27 2230 62 376964
34 2680 62 376964
37 2883 62 376964
32 2935 62 376964
34 2054 62 382079
27 2122 62 382079
50 3748 62 382079
43 3816 62 382079
47 4248 62 382079
50 4451 62 382079
232 22824 62 382079
11 620 62 404133
19 1116 62 405725
8 1514 62 405725
21 2352 62 405725
25 2778 62 405725
26 2856 62 405725
35 3679 62 405725
40 4006 62 405725
8 434 62 413458
9 512 62 413458
91 5347 62 413644
92 5425 62 413644
103 6383 62 413644
104 6461 62 413644
117 7540 62 413644
122 7867 62 413644
247 8271 62 422060
238 8348 62 422060
28 1465 62 425005
19 1542 62 425005
38 1465 62 426739
29 1542 62 426739
56 4034 62 426739
57 4112 62 426739
12 682 62 427750
15 885 62 427750
10 937 62 427750
4 187 62 430973
17 992 62 432167
25 1512 62 432485
17 1848 62 432485
18 1926 62 432485
4 187 62 433383
17 992 62 434577
25 1512 62 434895
17 1848 62 434895
18 1926 62 434895
38 2038 62 440765
39 2116 62 440765
23 1380 62 442989
30 1830 62 442989
33 2033 62 442989
28 2085 62 442989
23 2137 62 442989
73 2836 62 446027
108 5046 62 448035
8 434 62 448899
9 512 62 448899
15 868 62 450611
22 1318 62 450611
25 1521 62 450611
20 1573 62 450611
15 1625 62 450611
13 394 62 452199
14 472 62 452199
63 2358 62 453171
90 4056 62 454667
31 1291 62 459576
32 1369 62 459576
52 2672 62 459576
53 2750 62 459576
61 3511 62 459832
62 3589 62 459832
64 4020 62 459832
65 4098 62 459832
64 4293 62 459894
570 31805 62 460336
561 31882 62 460336
566 32384 62 460336
584 33524 62 461274
1339 79581 62 461862
1344 79907 62 461986
1291 104075 62 462644
1282 104152 62 462644
1293 105027 62 462644
21 760 38 465451
26 965 38 465451
9 323 38 466007
14 528 38 466007
6 190 38 467618
13 484 38 468154
21 816 38 468154
37 1546 38 468466
28 1575 38 468466
43 2281 38 468762
34 2310 38 468762
37 2522 38 468762
42 2727 38 468762
6 210 38 469998
21 827 38 470953
31 1248 38 471246
37 2086 38 471444
28 2115 38 471444
34 2449 38 471444
39 2654 38 471444
6 191 38 472577
15 592 38 473683
13 464 38 474199
30 1198 38 474199
35 1494 38 474199
45 1896 38 474473
51 2715 38 474671
42 2744 38 474671
46 2994 38 474671
51 3199 38 474671
67 2665 38 478270
5 152 38 481635
13 464 38 482151
21 796 38 482151
91 3753 38 482151
96 3957 38 482227
103 7242 38 482425
94 7271 38 482425
98 7521 38 482425
103 7726 38 482425
27 973 38 483609
18 1002 38 483609
274 19769 38 483609
265 19798 38 483609
10 350 38 484280
11 402 38 484280
9 483 38 484280
284 21032 38 484280
281 21289 38 484280
286 21494 38 484280
284 21636 38 484280
11 630 62 488556
71 4340 62 495284
42 5877 62 495284
33 5954 62 495284
39 6526 62 495284
51 7302 62 495858
49 8316 62 495858
50 8394 62 495858
65 9651 62 495858
56 9728 62 495858
60 10168 62 495858
65 10495 62 495858
10 526 62 497408
19 1357 62 497594
24 1684 62 497594
12 692 62 499631
21 1264 62 501738
22 1342 62 501738
26 1905 62 501738
39 2743 62 502374
38 3881 62 502374
39 3959 62 502374
42 4401 62 502374
47 4728 62 502374
140 18397 62 502940
134 18660 62 502940
39 2400 62 508081
30 2477 62 508081
40 3313 62 508081
45 3640 62 508081
19 1140 62 510375
24 1467 62 510375
25 1520 62 513187
30 1847 62 513187
15 868 62 514434
20 1195 62 514434
23 1364 62 516513
7 1700 62 516513
12 2027 62 516513
64 6435 62 516955
55 6512 62 516955
89 9239 62 517397
21 1261 62 520318
21 2518 62 521354
28 1745 62 523301
69 4383 62 525737
53 7603 62 525737
54 7681 62 525737
31 1876 62 529826
24 1944 62 529826
41 3190 62 529826
42 3268 62 529826
45 3710 62 529826
50 4037 62 529826
24 1411 62 532133
15 1488 62 532133
19 1928 62 532133
24 2255 62 532133
20 1178 62 533690
25 1505 62 533690
17 1000 62 536098
24 1473 62 536098
27 2029 62 536098
32 2356 62 536098
317 33704 62 536975
308 33781 62 536975
309 34035 62 536975
2 135 135 540052
23 226 135 540052
12 691 62 541709
8 434 62 543012
13 1163 62 543074
29 2187 62 543896
28 3448 62 543896
29 3526 62 543896
30 3844 62 543896
35 4735 62 543896
38 4938 62 543896
2 135 135 544964
3 149 135 544964
10 526 62 545568
11 604 62 545568
16 7 135 545892
21 170 135 545892
2 135 135 546832
10 298 135 546832
11 307 135 546832
12 323 135 546832
15 884 62 548376
16 962 62 548376
18 1342 62 548376
22 1606 62 548438
12 690 62 549338
13 768 62 549338
34 3446 62 549338
32 4747 62 549338
2 135 135 553982
4 146 135 553982
5 159 135 553982
7 170 135 553982
17 183 135 553982
18 197 135 553982
2 135 135 554495
9 307 135 554495
15 470 135 554495
2 135 135 554916
2 135 135 555051
6 556 135 555051
21 1044 135 555051
22 1053 135 555051
23 1069 135 555051
44 1418 135 555051
12 690 62 556989
13 768 62 556989
25 1736 62 556989
14 814 62 559425
15 892 62 559425
8 434 62 560731
13 1158 62 560793
14 1236 62 560793
38 3268 62 561173
50 4036 62 561235
51 4114 62 561235
76 6184 62 561235
111 11695 62 561235
116 12021 62 561359
87 17208 62 561359
90 17411 62 561359
11 621 62 562681
10 579 62 564181
16 1505 62 564388
31 2459 62 565140
28 3526 62 565140
31 3729 62 565140
51 3156 62 568551
54 3359 62 568551
44 2698 62 573671
52 3704 62 573733
55 3907 62 573733
50 3959 62 573733
73 4513 62 578448
78 4839 62 578572
73 9766 62 578572
76 9969 62 578572
264 39946 62 578572
17 1000 62 607340
15 876 62 608294
34 2094 62 608294
38 2520 62 608294
39 2598 62 608294
6 311 62 608927
39 2388 62 612599
32 2456 62 612599
36 2888 62 612599
37 2966 62 612599
41 3470 62 612599
51 4114 62 613041
6 311 62 613798
53 3280 62 619296
46 3348 62 619296
73 5238 62 620320
66 5306 62 620320
70 5738 62 620320
71 5816 62 620320
75 6320 62 620320
85 6964 62 620762
49 3016 62 624798
42 3084 62 624798
46 3516 62 624798
47 3594 62 624798
4 7 135 625157
10 526 62 625683
10 811 62 625683
41 2536 62 629503
34 2604 62 629503
38 3036 62 629503
39 3114 62 629503
43 3618 62 629503
61 4758 62 630441
685 51667 62 630441
690 51993 62 630565
539 92501 62 630565
540 92579 62 630565
552 93590 62 630565
4 190 63 632242
4 190 63 633677
259 16481 63 652412
268 17073 63 652798
46 18135 63 653373
47 18215 63 653373
55 18960 63 653373
56 19040 63 653373
55 19490 63 653373
63 20019 63 653696
60 20654 63 653696
61 20734 63 653696
65 21248 63 653696
73 21777 63 654019
69 22357 63 654019
70 22437 63 654019
81 23454 63 654019
2 135 135 655146
3 149 135 655146
10 310 38 655508
11 362 38 655508
7 591 38 655508
2 135 135 656454
7 226 135 656454
12 426 38 657127
13 478 38 657127
14 673 38 657127
15 1130 38 657127
16 1182 38 657127
20 1491 38 657127
36 2121 38 657629
27 2944 38 657629
28 2996 38 657629
39 3610 38 657629
8 451 63 660433
268 16922 63 679743
275 17388 63 680003
37 17938 63 680066
38 18018 63 680066
46 18763 63 680066
47 18843 63 680066
3 126 63 683585
5 253 63 683918
10 602 63 683918
25 1744 63 684367
16 1822 63 684367
13 732 63 685690
14 812 63 685690
61 5238 63 686391
64 5445 63 686391
59 5498 63 686391
87 5452 63 692049
92 5784 63 692175
75 12020 63 692175
76 12100 63 692175
115 31536 63 692175
124 32136 63 692569
123 33032 63 692569
124 33112 63 692569
131 33831 63 692569
132 33911 63 692569
144 34940 63 692569
25 1507 62 696115
39 2383 62 698700
44 2709 62 698824
42 4646 62 698824
43 4724 62 698824
46 5166 62 698824
47 5244 62 698824
59 6255 62 698824
29 1752 62 703156
22 1820 62 703156
26 2252 62 703156
27 2330 62 703156
30 2772 62 703156
31 2850 62 703156
28 1690 62 706397
21 1758 62 706397
25 2190 62 706397
26 2268 62 706397
29 2710 62 706397
30 2788 62 706397
88 7932 62 707087
79 8009 62 707087
80 8263 62 707087
35 2132 62 711861
28 2200 62 711861
32 2632 62 711861
33 2710 62 711861
38 3284 62 711861
39 3362 62 711861
63 5133 62 712551
54 5210 62 712551
55 5464 62 712551
4 187 62 714233
8 3 135 716035
35 166 135 716035
34 1878 62 719021
35 1956 62 719021
48 2986 62 719021
79 5268 62 719703
87 5788 62 720021
84 6413 62 720021
85 6491 62 720021
29 1753 62 726524
20 1830 62 726524
49 3494 62 726834
58 4076 62 726834
61 4279 62 726834
56 4331 62 726834
33 1658 62 729249
40 2108 62 729249
43 2311 62 729249
38 2363 62 729249
25 1270 62 731276
32 1720 62 731276
35 1923 62 731276
30 1975 62 731276
115 9346 62 731276
27 1402 62 742588
28 1480 62 742588
14 806 62 746191
15 884 62 746191
29 1402 62 748022
30 1480 62 748022
37 1790 62 750241
38 1868 62 750241
326 18763 62 750241
331 19089 62 750365
321 29563 62 750807
312 29640 62 750807
331 30994 62 751465
427 38914 62 751465
6336
